url	acm	aide	al	and	appliquée	armée	automatique	axe	baptiste	compétitions	congo	cyclisme	distributions	détaillé	espagne	fenêtre	france	hiérarchique	interaction	japanese	jour	kamer	lignes	louvois	marguerite	mesure	montpellier	métrique	nement	new	nœud	police	positionnement	probabilités	province	relativité	rois	romain	régression	scalaires	spectral	stables	statistiques	styles	union	université	utrecht	valeurs	variable	événement
Analyse_de_donn%C3%A9es	9	9	8	9	8	0	8	9	0	0	0	0	0	8	0	0	8	9	0	0	0	0	9	0	0	9	0	9	0	0	0	0	8	9	0	0	0	0	9	0	0	0	9	0	0	9	0	9	8	0
Classification_automatique	0	0	0	0	0	0	7	0	0	0	0	0	0	0	0	0	0	1	0	0	0	0	0	0	0	0	0	0	0	0	0	0	0	0	0	0	0	0	0	0	0	0	1	0	0	0	0	0	0	0
Statistiques	0	1	0	1	3	0	1	0	0	0	0	0	0	7	0	0	4	0	0	0	0	0	0	0	0	3	0	0	0	0	0	0	0	21	0	0	0	0	3	0	0	0	46	0	0	0	0	6	4	0
%23Autres_m.C3.A9thodes	0	0	0	0	0	0	0	0	0	0	0	0	0	0	0	0	0	0	0	0	0	0	0	0	0	0	0	0	0	0	0	0	0	0	0	0	0	0	0	0	0	0	0	0	0	0	0	0	0	0
%23Classification_hi.C3.A9rarchique	0	0	0	0	0	0	0	0	0	0	0	0	0	0	0	0	0	0	0	0	0	0	0	0	0	0	0	0	0	0	0	0	0	0	0	0	0	0	0	0	0	0	0	0	0	0	0	0	0	0
%23D.C3.A9finition	0	0	0	0	0	0	0	0	0	0	0	0	0	0	0	0	0	0	0	0	0	0	0	0	0	0	0	0	0	0	0	0	0	0	0	0	0	0	0	0	0	0	0	0	0	0	0	0	0	0
%23Classification_.C2.AB.C3.A0_plat.C2.BB	0	0	0	0	0	0	0	0	0	0	0	0	0	0	0	0	0	0	0	0	0	0	0	0	0	0	0	0	0	0	0	0	0	0	0	0	0	0	0	0	0	0	0	0	0	0	0	0	0	0
%23R.C3.A9gressions	0	0	0	0	0	0	0	0	0	0	0	0	0	0	0	0	0	0	0	0	0	0	0	0	0	0	0	0	0	0	0	0	0	0	0	0	0	0	0	0	0	0	0	0	0	0	0	0	0	0
%23Analyse_des_donn.C3.A9es_et_r.C3.A9gressions	0	0	0	0	0	0	0	0	0	0	0	0	0	0	0	0	0	0	0	0	0	0	0	0	0	0	0	0	0	0	0	0	0	0	0	0	0	0	0	0	0	0	0	0	0	0	0	0	0	0
%23Analyse_par_r.C3.A9duction_des_dimensions	0	0	0	0	0	0	0	0	0	0	0	0	0	0	0	0	0	0	0	0	0	0	0	0	0	0	0	0	0	0	0	0	0	0	0	0	0	0	0	0	0	0	0	0	0	0	0	0	0	0
%23Notes_et_r.C3.A9f.C3.A9rences	0	0	0	0	0	0	0	0	0	0	0	0	0	0	0	0	0	0	0	0	0	0	0	0	0	0	0	0	0	0	0	0	0	0	0	0	0	0	0	0	0	0	0	0	0	0	0	0	0	0
%23Domaines_d.27application	0	0	0	0	0	0	0	0	0	0	0	0	0	0	0	0	0	0	0	0	0	0	0	0	0	0	0	0	0	0	0	0	0	0	0	0	0	0	0	0	0	0	0	0	0	0	0	0	0	0
Analyse_des_correspondances_multiples	3	0	0	0	0	0	0	0	0	0	0	0	0	0	0	0	0	0	0	0	0	0	0	0	0	0	0	0	0	0	0	0	0	4	0	0	0	0	0	0	0	0	1	0	0	0	0	0	0	0
Analyse_factorielle_des_correspondances	1	0	0	0	0	0	0	10	0	0	0	0	0	0	0	0	0	1	0	0	0	0	10	0	0	2	0	6	0	0	0	0	0	4	0	0	0	0	0	0	0	0	1	0	0	1	0	5	0	0
Analyse_en_composantes_principales	0	1	3	3	0	0	0	9	0	0	0	0	0	0	0	0	1	0	0	0	0	0	1	0	0	0	0	0	0	0	0	0	0	5	0	0	0	0	2	0	0	0	2	0	0	1	0	6	7	0
Analyse_discriminante	0	3	0	1	0	0	2	26	0	0	0	0	0	0	0	0	0	0	0	0	0	0	0	0	0	1	0	1	0	0	0	0	3	3	0	0	0	0	1	0	0	0	2	0	0	0	0	6	3	0
Analyse_factorielle_discriminante	0	3	0	1	0	0	2	26	0	0	0	0	0	0	0	0	0	0	0	0	0	0	0	0	0	1	0	1	0	0	0	0	3	3	0	0	0	0	1	0	0	0	2	0	0	0	0	6	3	0
%23Ouvrages_sp.C3.A9cialis.C3.A9s	0	0	0	0	0	0	0	0	0	0	0	0	0	0	0	0	0	0	0	0	0	0	0	0	0	0	0	0	0	0	0	0	0	0	0	0	0	0	0	0	0	0	0	0	0	0	0	0	0	0
Poursuite_de_projection	0	0	0	3	0	0	0	2	0	0	0	0	0	0	0	0	0	0	0	0	0	0	0	0	0	0	0	0	0	0	0	0	0	4	0	0	0	0	0	0	0	0	2	0	0	0	0	0	0	0
%23Articles_publi.C3.A9s_sur_internet	0	0	0	0	0	0	0	0	0	0	0	0	0	0	0	0	0	0	0	0	0	0	0	0	0	0	0	0	0	0	0	0	0	0	0	0	0	0	0	0	0	0	0	0	0	0	0	0	0	0
John_Tukey	0	1	0	6	0	0	0	0	0	0	0	0	0	0	0	0	0	0	0	0	0	0	0	0	0	0	0	0	0	9	0	0	0	2	0	0	0	0	0	0	0	0	12	0	0	5	0	0	0	0
Chikio_Hayashi	0	3	0	1	0	0	0	0	0	0	0	0	0	0	0	0	0	0	0	0	0	0	0	0	0	0	0	0	0	0	0	0	0	8	0	0	0	0	1	0	0	0	4	0	0	1	0	0	1	0
%23R.C3.A9f.C3.A9rences	0	0	0	0	0	0	0	0	0	0	0	0	0	0	0	0	0	0	0	0	0	0	0	0	0	0	0	0	0	0	0	0	0	0	0	0	0	0	0	0	0	0	0	0	0	0	0	0	0	0
Matrice_de_variance-covariance	0	1	0	0	0	0	0	0	0	0	0	0	0	0	0	0	0	0	0	0	0	0	0	0	0	0	0	0	0	0	0	0	0	4	0	0	0	0	0	0	0	0	1	0	0	0	0	3	1	0
Karl_Pearson	0	1	0	1	0	0	0	0	0	0	0	0	0	0	0	0	0	0	0	0	0	0	0	0	0	0	0	0	0	1	0	0	0	2	0	0	0	0	4	0	0	0	5	0	0	0	0	0	0	0
Charles_Spearman	0	0	0	0	0	0	0	0	0	0	0	0	0	0	0	0	0	0	0	0	0	0	0	0	0	0	0	0	0	0	0	0	0	0	0	0	0	0	0	0	0	0	0	0	0	0	0	0	0	0
Harold_Hotelling	0	0	0	4	0	0	0	0	0	0	0	0	0	0	0	0	0	0	0	0	0	0	0	0	0	0	0	0	0	0	0	0	0	0	0	0	0	0	0	0	0	0	0	0	0	2	0	0	0	0
Analyse_factorielle	0	0	0	0	0	0	0	0	0	0	0	0	0	0	0	0	0	0	0	0	0	0	2	0	0	0	0	1	0	0	0	0	0	2	0	0	0	0	0	0	0	0	1	0	0	0	0	0	0	0
H._O._Hirschfeld	0	2	0	1	0	0	0	0	0	0	0	0	0	0	0	0	0	0	0	0	0	0	0	0	0	0	0	0	0	0	0	0	0	8	0	0	0	0	1	0	0	0	5	0	0	1	0	0	1	0
Louis_Leon_Thurstone	0	2	0	0	0	0	0	0	0	0	0	0	0	0	0	0	0	0	0	0	0	0	0	0	0	0	0	0	0	0	0	0	0	8	0	0	0	0	1	0	0	0	4	0	0	0	0	0	1	0
Brigitte_Escofier-Cordier	0	2	0	1	0	0	0	0	0	0	0	0	0	0	0	0	0	0	0	0	0	0	1	0	0	0	0	0	0	0	0	0	0	9	0	0	0	0	1	0	0	0	5	0	0	2	0	0	1	0
Invincible_armada	0	0	0	0	0	8	0	0	0	0	0	0	0	0	9	0	2	0	0	0	0	0	0	0	0	0	0	0	0	0	0	0	0	0	0	0	0	0	0	0	0	0	0	0	0	0	0	0	0	0
Languedoc	0	0	0	0	0	0	0	1	0	0	0	0	0	0	3	0	18	0	0	0	0	0	0	0	0	0	9	0	0	0	0	0	0	0	9	0	0	8	0	0	0	0	0	0	0	0	0	0	0	0
Fouille_de_texte	0	4	0	1	0	0	2	0	0	0	0	0	0	0	0	0	0	0	0	0	0	0	0	0	0	0	0	0	0	0	0	0	0	1	0	0	0	0	0	0	0	0	3	0	0	1	0	1	0	0
Inserm	0	0	0	0	1	0	0	0	0	0	0	0	0	0	0	0	2	0	0	0	0	0	0	0	0	0	0	0	0	0	0	0	0	0	0	0	0	0	0	0	0	0	0	0	0	0	0	0	0	0
Pays-bas	0	0	0	0	0	3	0	0	0	0	0	0	0	8	6	0	8	0	0	0	9	9	0	0	0	1	0	0	0	0	0	0	0	0	4	0	0	8	0	0	0	0	0	0	9	1	9	0	0	0
Sport	0	1	0	6	0	0	0	0	0	9	0	9	0	4	6	0	24	0	0	0	0	0	0	0	0	0	4	0	9	1	0	0	0	0	0	0	0	1	0	0	0	0	0	0	0	4	0	0	0	0
Pierre_Bourdieu	0	1	0	2	1	2	0	1	0	0	0	0	0	3	0	0	17	0	0	0	0	0	0	0	0	10	0	0	0	2	0	0	0	0	0	0	0	0	0	0	0	0	0	9	0	4	0	1	0	0
Japon	0	3	0	13	0	3	0	2	0	0	0	0	0	15	1	0	4	0	0	9	5	0	1	0	0	0	0	0	0	6	0	0	0	0	0	0	0	0	1	0	0	0	2	1	1	5	0	0	1	0
Louis_XIV	0	1	0	0	0	8	0	0	9	0	0	0	0	6	76	0	150	0	0	0	4	0	0	9	8	3	0	0	0	0	0	9	0	0	0	0	8	1	0	0	0	0	0	0	1	0	1	0	0	0
Assurance	0	1	0	0	0	0	0	0	0	0	0	0	0	1	0	0	18	0	0	0	4	0	0	0	0	1	0	0	0	0	0	8	0	0	0	0	0	0	0	0	0	0	1	0	1	0	0	0	0	9
Tableau_de_contingence	0	0	0	0	0	0	0	0	0	0	0	0	0	0	0	0	0	0	0	0	0	0	0	0	0	0	0	0	0	0	0	0	0	0	0	0	0	0	0	0	0	0	0	0	0	0	0	0	0	0
R_(logiciel)	0	3	0	0	0	0	0	0	0	0	0	0	0	0	0	0	0	0	0	0	0	0	0	0	0	0	0	0	0	0	0	0	0	2	0	0	0	0	1	0	0	0	1	0	0	1	0	0	0	0
Calcul_matriciel	0	0	0	0	0	0	0	0	0	0	0	0	0	15	0	0	0	0	0	0	0	0	12	0	0	0	0	0	0	0	0	0	0	0	0	0	0	0	0	9	9	0	0	0	0	0	0	5	0	0
ANCOVA	0	0	0	1	0	0	0	0	0	0	0	0	0	0	0	0	0	0	0	0	0	0	0	0	0	0	0	0	0	0	0	0	0	2	0	0	0	0	1	0	0	0	1	0	0	0	0	0	2	0
Valeur_propre,_vecteur_propre_et_espace_propre	0	2	2	1	5	0	0	18	0	0	0	0	0	7	0	0	0	0	0	0	0	0	0	0	0	1	0	0	0	1	0	0	2	0	0	9	0	0	0	1	1	9	3	0	0	3	0	63	0	0
ANOVA	0	0	0	0	0	0	0	0	0	0	0	0	9	2	0	0	0	0	8	0	0	0	1	0	0	5	0	0	0	0	0	0	0	6	0	0	0	0	2	0	0	0	5	0	0	0	0	1	17	0
K-means	0	0	0	0	0	0	1	0	0	0	0	0	0	0	0	0	0	0	0	0	1	0	0	0	0	0	0	0	0	0	0	0	0	0	0	0	0	0	0	0	0	0	1	0	0	0	0	0	0	0
Indice_et_distance_de_Jaccard	0	0	0	1	0	0	0	0	0	0	0	0	0	0	0	0	0	0	0	0	0	0	0	0	0	1	0	0	0	0	0	0	0	2	0	0	0	0	0	0	0	0	2	0	1	0	0	0	0	0
Microfinance	0	0	9	16	0	0	0	0	0	0	0	0	0	0	0	0	6	0	0	0	2	0	0	0	4	3	0	0	0	4	0	0	0	0	0	0	0	0	0	0	0	0	2	0	0	0	0	0	0	0
Distance_de_Mahalanobis	0	0	0	0	0	0	0	0	0	0	0	0	0	0	0	0	0	0	0	0	0	0	0	0	0	2	0	0	0	0	0	0	0	2	0	0	0	0	0	0	0	0	1	0	0	0	0	1	1	0
Positionnement_multidimensionnel	0	1	0	1	0	0	0	0	0	0	0	0	0	0	0	0	0	0	0	0	0	0	0	0	0	0	0	0	0	0	0	0	3	0	0	0	0	0	0	0	0	0	1	0	0	0	0	0	0	0
Distance_euclidienne	0	0	0	0	0	0	0	0	0	0	0	0	0	1	0	0	0	0	0	0	0	0	0	0	0	2	0	5	0	0	0	0	0	0	0	0	0	0	0	0	0	0	0	0	0	0	0	0	0	0
Ronald_Aylmer_Fisher	0	0	0	5	0	0	0	0	0	0	0	0	0	0	0	0	0	0	0	0	0	0	0	0	0	0	0	0	0	2	0	0	0	2	0	0	0	0	4	0	0	0	5	0	0	2	0	0	0	0
Le_Seuil	0	1	0	0	0	0	0	0	0	0	0	0	0	0	0	0	4	0	0	0	0	0	0	0	0	0	0	0	0	0	0	0	0	0	0	0	0	0	0	0	0	0	0	0	0	0	0	0	0	0
Christian_Baudelot	0	0	0	0	0	0	0	0	0	0	0	0	0	0	0	0	4	0	0	0	0	0	0	0	0	0	0	0	0	0	0	0	0	0	0	0	0	0	0	0	0	0	1	0	0	0	0	0	0	0
Glossaire_du_data_mining	0	4	0	12	0	0	3	2	0	0	0	0	0	0	0	9	0	2	6	0	0	0	2	0	0	10	0	0	0	2	9	0	0	3	0	0	0	0	2	0	0	0	8	0	0	0	0	17	24	0
Espace_probabilisable	0	0	0	0	0	0	0	0	0	0	0	0	0	0	0	0	0	0	0	0	0	0	0	0	0	0	0	0	0	0	0	0	0	6	0	0	0	0	1	0	0	0	4	0	0	0	0	0	1	0
Moyenne	0	0	0	0	0	0	0	0	0	0	0	0	0	6	0	0	1	0	0	0	0	0	0	0	0	2	0	0	0	0	0	0	0	8	0	0	0	0	1	0	0	0	5	0	0	0	0	28	5	0
%23Tuff.C3.A9ry2010	0	0	0	0	0	0	0	0	0	0	0	0	0	0	0	0	0	0	0	0	0	0	0	0	0	0	0	0	0	0	0	0	0	0	0	0	0	0	0	0	0	0	0	0	0	0	0	0	0	0
Loi_de_Poisson	0	0	0	0	0	0	0	2	0	0	0	0	0	0	0	0	0	0	0	0	0	0	0	0	0	0	0	0	0	0	0	0	0	8	0	0	0	0	1	0	0	0	5	0	0	0	0	2	4	1
Loi_de_Bernoulli	2	3	0	6	0	0	0	0	0	0	0	0	3	0	0	0	0	0	0	0	0	0	0	0	0	0	0	0	0	2	0	0	0	7	0	0	0	0	1	0	0	0	7	0	0	0	0	3	23	0
Loi_uniforme_continue	0	5	0	0	0	0	0	0	0	0	0	0	3	3	0	0	0	0	0	0	0	0	1	0	0	6	0	0	0	1	0	0	0	10	0	0	0	0	1	0	0	0	8	0	0	0	0	1	8	0
Loi_de_Fisher	0	0	0	1	0	0	0	0	0	0	0	0	2	0	0	0	0	0	0	0	0	0	0	0	0	0	0	0	0	1	0	0	0	9	0	0	0	0	1	0	0	0	6	0	0	0	0	1	2	0
Loi_normale	0	4	0	0	0	0	0	0	0	0	0	0	4	1	0	0	0	0	0	0	0	0	0	0	0	0	0	0	0	0	0	0	0	9	0	0	0	0	1	0	0	0	7	0	0	0	0	7	29	0
Loi_des_grands_nombres	0	0	0	1	1	0	0	0	0	0	0	0	0	1	0	0	0	0	0	0	0	0	0	0	0	1	0	0	0	0	0	0	0	11	0	0	0	0	1	0	0	0	6	0	0	0	0	0	3	0
Loi_de_Student	0	0	0	0	0	0	0	0	0	0	0	0	2	0	0	0	0	0	0	0	0	0	0	0	0	0	0	0	0	0	0	0	0	7	0	0	0	0	1	0	0	0	4	0	0	0	0	7	18	0
Martingale_(calcul_stochastique)	0	0	0	2	0	0	0	0	0	0	0	0	0	0	0	0	0	0	0	0	0	0	0	0	0	0	0	0	0	0	0	0	0	6	0	0	0	0	1	0	0	0	4	0	0	0	0	0	2	0
Processus_stochastique	0	0	0	0	0	0	0	0	0	0	0	0	0	0	0	0	0	0	0	0	0	0	0	0	0	5	0	1	0	1	0	0	0	8	0	0	0	0	1	0	0	0	7	0	0	0	0	9	6	0
Processus_de_Markov	0	0	0	0	0	0	0	0	0	0	0	0	1	0	0	0	0	0	0	0	0	0	0	0	0	1	0	0	0	0	0	0	0	9	0	0	0	0	1	0	0	0	6	0	0	1	0	2	2	0
Calcul_stochastique	0	5	0	0	1	0	0	0	0	0	0	0	0	4	0	0	0	0	0	0	0	0	0	0	0	0	0	0	0	0	0	0	0	12	0	0	0	0	1	0	0	0	4	0	0	0	0	0	8	0
Histogramme	0	1	0	1	0	0	1	0	0	0	0	0	0	0	0	0	0	0	0	0	0	0	0	0	0	5	0	0	0	0	0	0	0	7	0	0	0	0	1	0	0	0	7	0	0	0	0	4	6	0
Intervalle_de_confiance	0	2	0	0	0	0	0	0	0	0	0	0	0	0	0	0	1	0	0	0	0	0	0	0	0	4	0	0	0	0	0	0	0	7	0	0	0	0	1	0	0	0	4	0	0	0	0	3	6	0
Test_t	0	0	0	0	0	0	0	0	0	0	0	0	0	0	0	0	0	0	0	0	0	0	0	0	0	0	0	0	0	0	0	0	0	6	0	0	0	0	1	0	0	0	4	0	0	0	0	0	2	0
Quantile	0	0	0	0	0	0	0	0	0	0	0	0	1	0	0	0	0	0	0	0	0	0	0	0	0	0	0	0	0	0	0	0	0	8	0	0	0	0	3	0	0	0	6	0	0	0	0	11	6	0
Mouvement_brownien	0	2	1	12	1	0	0	2	0	0	0	0	0	2	0	0	1	0	1	0	0	0	0	0	0	8	0	0	0	1	0	0	0	11	0	0	0	0	1	0	0	0	4	0	0	2	0	2	3	0
Estimateur_(statistique)	0	4	0	1	2	0	0	0	0	0	0	0	0	5	0	0	0	0	0	0	0	0	0	0	0	0	0	0	0	1	0	0	0	8	0	0	0	0	1	0	0	0	6	0	0	0	0	4	10	0
Test_(statistique)	0	1	0	0	2	0	0	0	0	0	0	0	4	0	0	0	0	0	0	0	0	0	0	0	0	1	0	0	0	0	0	0	0	7	0	0	0	0	3	0	0	0	12	0	0	0	0	9	6	0
Diagramme_circulaire	0	1	0	0	1	0	0	0	0	0	0	0	0	0	0	0	2	0	0	0	0	0	0	0	0	0	0	0	0	0	0	0	0	6	0	0	0	0	1	0	0	0	6	0	0	0	0	3	1	0
Statistique_descriptive	0	0	0	0	0	0	0	0	0	0	0	0	3	7	0	0	1	0	0	0	0	0	0	0	0	5	0	0	0	0	0	0	0	8	0	0	0	0	1	0	0	0	21	0	0	0	0	9	25	3
France	0	4	0	2	0	5	0	1	0	0	9	1	0	17	11	0	340	0	0	0	5	0	4	0	0	2	1	0	0	1	0	0	1	1	3	0	3	2	0	0	0	0	3	0	28	4	0	5	2	2
Test_de_Fisher	0	0	0	0	0	0	0	0	0	0	0	0	0	0	0	0	0	0	0	0	0	0	0	0	0	0	0	0	0	0	0	0	0	6	0	0	0	0	1	0	0	0	4	0	0	0	0	0	1	0
501c	0	1	0	0	0	0	0	0	0	0	0	0	0	0	0	0	1	0	0	0	0	0	0	0	0	0	0	0	0	0	0	0	0	0	0	0	0	0	0	0	0	0	0	0	1	0	0	0	0	0
Jeu_de_hasard	0	0	0	14	0	0	0	0	0	0	0	0	0	6	1	0	13	0	0	0	1	0	0	0	0	0	0	0	0	1	0	0	0	9	0	0	1	1	0	0	0	0	3	0	0	0	0	2	1	0
